40 34 1 11
12.4603

25 41 29
10.1515

1 3 25 44
13.9681

10 44 12
11.3841

18 42 33 11
13.7698

38 17 31
6.2865

37 33 2
4.7211

33 23
6.6551

27
2.6225

27
2.6313

1 6 18
8.4298

16 12 40
12.8272

24
1.8602

10 11 36 0 9
16.8105

6 32 29 10
12.8653

36 2 32 7 34
23.1256

13 17
7.7274

8 24 19 23 5
12.6049

25 34 28 6
14.0069

26 1
3.2436

31
2.1088

44 29 25
12.7121

25
2.5468

3
5.2174

10 40 18
10.4263

38 26 29
7.1871

46 23 11 43 9
16.5266

16 49 39 1 8
11.7056

6 43 14
7.7303

33 11
4.5835

22 8 28
14.4092

43 24 0 7
12.6376

13 40 38
13.9436

9 30
8.1913

29 34
6.3902

47 14
8.7347

19 0
6.7409

43
2.2198

28 46
12.4337

27
2.6259

31 47 1 49
12.0544

42
10.0425

22 47 0 26 29
18.3937

0 15 9 45
13.9023

6 41 17 21
16.7934

13 37 6
10.9785

39 42 35
20.3624

37 16 10 4
9.1

37 43 41 45
8.9332

14 33 4
7.7194

9 36 23 25 37
18.7896

2 39 10 43 45
11.0763

20 0 13
10.9833

29 7 0
12.607

34
1.0

3 39 21 49
16.8443

49 16 29 8 17
11.4767

7 49 17
10.751

2 24 32 20 26
13.5082

47 35 13 33
18.6201

13 34 18 11 0
11.2149

40
8.4219

31 36 3
17.2142

5 14 9
10.2194

12
3.7007

41 0 27
8.8649

34 9 23
10.1039

13 16
8.9207

46 23 17
11.8465

8 44 0 47 30
16.3189

39 16 33 43
12.1242

4 16 11 40
14.2294

13 9 3 26 34
15.1862

8 6 29 33 41
15.2408

29
5.2447

23 13 41
12.5453

42 3 31 47 23
21.1322

31 35 1 11 16
17.0214

42 40 12 36
21.2841

15 2 11 49
9.2965

15 3 5 42
18.3002

29 18 31
8.1532

15 37 27 11
10.5354

35 31 33
15.3274

45 8 18 46
10.7789

8 38 46 44 45
16.7085

22 46 42 33 10
20.9257

47 39
12.2981

42 7
16.6237

17
1.5562

0 7 46 4
15.9997

11 17 8 38
7.2535

26 38
3.7553

35 24 19 43 0
17.983

3 5 9 27
12.6068

44
7.5997

37 2 19
7.605

34 3 16
8.0876

15 22 11
11.5746

24 15 36
17.996

38 34 14
5.2097

12 44
10.3253

3
5.18

10 0 2 5 14
8.4467

10 5 39 48
17.0421

2 9 0 46
13.9401

32 34 18
6.89

23 0 8 40
13.5204

30 28 34 23
14.2148

5 48 47
15.8781

27 40 39 14
14.0554

14 6 40 25
11.4363

14 45 9
9.6101

42 1 33
11.9808

47
8.6259

13 38 9 39
15.9781

12 22 37 26 31
14.5007

31 34 21 42
19.3318

10 29
6.3107

18 26 15 19 0
13.1748

33 31
4.4058

43 35
12.9479

28 19 34
13.6296

4
4.3472

35 44
14.5857

28 26 43 27
13.6891

6 7 37
10.28

31
2.0739

49 19 15
10.9447

3 18 28 1 45
17.3071

22 21 20 1 17
17.1421

20 24
8.2786

44 0
8.549

15 37
7.2029

45 43 1
6.3065

49
1.0

7 29 35 14 13
18.4263

0 16 49 7 30
14.0906

49 0
2.862

11 31 36 34 15
19.6728

47
8.7751

46 18
8.049

18
1.0

0 3 28 35
20.2219

19 43
7.1204

30 33 17 43 9
13.0563

21 4 9
16.6103

33 2 22 1
13.227

18 17 4 49
7.7362

13 21 28 37
18.1985

20 13 48 26
15.3741

25 7 38
10.8923

27 22 19
13.6519

0 2 9 30 12
13.6807

42 17
11.5853

22 45
9.7279

18
1.0

0
1.8508

3
5.1803

37 49
2.0

4
4.4246

40 22 0
15.2926

48 37 23 24 15
18.2582

31 13 4 45 21
18.2454

13
6.2491

18 11 10
4.2149

14 40 4 10 43
13.8621

21 3 48
19.2089

21 32 40 6 34
17.9886

22 41 30 33 36
21.954

45 10 47 18
12.4726

29 0 2
8.2077

13 16 34 2
11.0072

8
1.0

41
5.1771

6 38 25
8.567

31 26
3.1343

20 9 6
15.3198

3
5.2042

2 44 28 40
18.6729

34 10 39 49 24
8.9681

44 28 0
15.2406

0
1.8562

25
2.5504

30 46 29 13 1
17.0501

36 37 40 49 15
23.7585

35
11.8476

7 39
11.0536

3
5.2335

10
1.0

28 43
10.6334

13
6.1727

30 24 29 20 21
18.729

9 5 14 6 22
18.785

1 18 14 10 0
7.5431

10
1.0

15 48 30 4
17.7271

40 25 33 28 7
18.4328

45 41 26 43 47
15.3977

16 47 44
15.1113

9 7 14
14.6877

19
5.1845

44 47 20 18
15.9753

20
6.7583

4 10 21 2
15.0243

22 0 18
10.5323

39 38 13 45
13.53

27 2
3.963

33 19 3 41 42
18.2523

9 29
10.6631

3 48
14.2634

33 12 22 37 24
15.3213

18
1.0

43
2.2881

25 26 11 45
7.72

4 42
12.9239

30
3.4708

39
5.4793

35 37 11 45 15
18.2376

0 17
3.443

28
9.4103

8 49 7 17
11.6748

18 5 23
8.5595

30
3.4515

18 8 23 34 19
11.2441

11 46 29 3
15.8915

17
1.5705

14 38 35
14.1684

23 36 11 5
18.644

21 27 23
13.604

21
11.0338

25 3 33 31 1
12.3965

3 17
6.6231

12 3 24
9.9989

42 29 8
14.4343

1 6 12 3
14.2954

22 40 35
16.5769

41
5.1505

41 27 21 44
17.696

0 35 32 33 2
17.4172

18
1.0

34
1.0

46 32 28
15.39

44 5 21 41 15
18.9652

25
2.577

39 5 34
9.0365

16
3.6053

47 8 37 0
12.1523

4
4.428

10 28 43
11.4455

8 26 46 47
14.2215

21 49 48 47
20.1843

23 46 8
11.3252

19 26 7 31
14.327

46 0 6 4 25
15.9702

35 4
13.8997

35
11.8746

40
8.5582

38
2.7573

25
2.5391

13 24 38 9
14.0294

29
5.3566

29 21
13.9924

21 28 14 29 48
22.0216

21 15 47
17.3814

36 23 30
16.991

30 38 7 10 28
17.4777

12
3.6795

17 1
3.7896

5 12
6.6306

7 47 46 6 41
20.2432

17 11
3.7154

1 33 32 47 2
16.5044

1
2.3041

4 36 1
16.4654

36 3
16.0324

1 39 25 43
10.9343

34
1.0

5 32 44
10.9793

35
11.7911

2 26 0 6 16
11.68

28 36 23 26
22.4328

13 44
10.612

21 25
12.2385

22
8.3032

45
2.258

25 28 23 22
15.6621

10 6
6.4329

45
2.3001

15 40
12.7373

34 39 29
10.5188

15 38 10 1 48
16.6833

21 12 26
14.5067

22 48 3
17.6249

48 29 19 3
19.1989

44 39 5 11 30
16.4512

33
2.3791

43
2.2257

22 16
10.1843

23 29 34 25 22
14.6305

27 9
8.4488

34 14
2.5523

24 17 36
15.7695

19 41 35 22 8
20.3888

24 48 10 7 32
19.8623

25 30 16 6 14
13.145

39
5.4541

38 25
3.9212

1 20 37
9.569

6 21 25
15.3517

45
2.2743

5 21
13.2961

0 34 19
7.5579

46
7.0144

0 20 4 21
16.9655

45 3 40
14.2725

35 11
13.079

29 1 11 44 30
15.8317

43 30 35 29
17.4926

27 2
3.9505

49 45 21 44 4
18.0569

49 15 28 20
16.2437

17 35 31
14.6543

44 36 15
20.8608

33 15 27 8
11.4415

27 23 4
9.9131

7 38 47 19 26
19.0061

32 38 15 39
14.7979

43 26 40
10.609

9 22 2 0 27
16.9501

0 34 47 25 9
16.8907

37 16 25 39
11.0768

21
10.984

8
1.0

2 18 47 22 19
19.3881

10 41 15 47 34
16.5707

33
2.3779

39 33 40
12.9269

0 45 19
8.5053

9 34 20 8 19
14.786

3
5.1943

15 47
12.6097

39 9 34 7
16.2825

4 45 12 8
10.2869

49 28 21
16.2469

37 0 1 36 15
19.5299

34 16 39
9.2587

5 1 31 20 37
12.4573

16 18 40
11.626

3
5.1545

1 4
6.3469

36
13.3029

6 46 20
14.8826

39 7 37 10 33
15.0813

0 24
3.3622

12
3.7615

44 15 23 34 19
16.6925

15 32
10.0728

25 19 4 17 49
12.0461

19 27 18 29 39
15.5085

40 38 30
12.7149

25 8 15 35
16.3984

11 29
7.1543

18
1.0

30 36 41
17.8272

34 18 47 7
15.9916

29 0 47 7 6
17.9954

17 22 5 42
18.9771

20
6.9069

39 10
6.4652

44 18
8.6225

9
6.2147

23
4.5786

35 30 5 11
16.7465

46 30 22 36
22.996

5 38 11 7
12.9583

39
5.4448

1 39
7.4428

22 14
9.4414

9 38 12
11.6299

28 4 0 13
14.7996

6 19 24 38 9
16.0695

40
8.5524

7
8.5012

40
8.4346

21 29 37 14 34
16.4275

14 5 31 6 33
13.1171

2
1.3278

5 36 11 35 25
24.3371

7
8.4884

38 1 42 5 36
16.8606

36 20 29 11 39
23.0192

30
3.5559

43 34 17
4.3009

36 45 39 41
21.1404

46
6.9583

0 31 12
7.3784

29 30 2 6 19
16.0187

27 37 26
4.6778

12 3 10
9.2986

28
9.4708

6 31 35
13.2995

22 6 11 1 35
18.2367

30 32 47 10 24
16.2576

4
4.3807

22 26 4 5 3
15.5903

33 27 35 28 12
21.2105

24
1.8817

48 20 40
18.5273

11 37 6 21 32
18.344

31 24
4.0004

40 1 6 10 42
18.1248

10
1.0

13 3 43
11.6809

40 39 44
14.3936

46 5 22
15.147

34 29 45 18 14
10.238

46 11
8.2357

13
6.0511

16
3.599

31 7 4
12.0758

39
5.5038

45
2.2928

1 36 24
15.3209

32 47 21 41
19.8683

0
1.8963

27
2.6343

33 40 25
12.3699

32 20
10.0863

19
5.2534

35
11.8273

19 4 13
12.243

19 42 16
14.3584

11 9 45 3
12.7106

45 27 36 7
21.1846

44 10
8.4591

1 3 16 33
11.0784

45 1 4 11 9
13.7167

34 47 36 30 33
22.0925

10 24 38 42 27
16.0395

33 36 20
17.3841

25 42 5 26 10
15.5268

11 25
4.7076

7 37 31 47 2
17.8557

47 17 41
13.9574

5 17 14
6.0562

22 45 36 10 19
22.3995

47 9 16 34
16.2046

35 7 32 43
15.4895

11 13 22 18
13.9782

8 4 21 43 24
16.2914

21
11.1003

22 30 38 4 35
19.4502

23
4.4896

8 34 18 46 17
11.4233

44
7.6857

26
1.0

15 24 9 5
14.1793

23 9 21
15.3168

12 3 37 25 1
13.5779

44
7.5428

5 1 16 15 13
15.6242

34 7 36 9 1
20.6844

20
6.9543

16 46
9.5791

31 46 15 14 20
15.3855

9 0 40 31
15.7577

43 36
15.0077

44
7.6037

45 10 3 48
16.4323

6 33 11 15
13.0177

1 34 47 10 44
16.2093

16
3.6511

37 28 5 6 48
19.283

36 29
16.3285

30
3.4613

43 49 21
12.7291

26 12 3 33
10.7382

11 31 2 1
6.5763

30
3.4299

33
2.3736

44 23 17
11.7346

30 24 21 12
15.8203

28 33
11.5318

47
8.7888

1
2.2848

38 15
8.3177

15
6.3949

15
6.3676

34 33 42
11.8741

31 36
14.6147

4 41
7.8891

31
2.1112

16 11 10 25
8.5847

14 46
8.0847

13 20
9.5296

37 32 9 35
18.6188

2 22 19 25
14.2836

0 7 46
14.2376

14 13
7.4379

11 38
4.8232

2 29
6.6451

13 48 9 33
18.1261

26 13
7.0703

32 10
5.8752

5 14 46
10.7235

33 0
3.891

44 31 38
11.436

23 29
8.9382

0 7 22
15.0616

42 38 19 16
16.0518

8 43 29 18
9.0638

19 3
9.3652

1 44 5
11.8893

1
2.2708

13 4
9.0976

29 49 39 31 25
13.5603

38 36 14 31
17.6243

39 22 48
18.1397

25 35 40
12.8339

40
8.5728

10 17
2.5729

8 26 7 28
15.1702

10 29
6.1397

42 19 35 0
21.5678

26 24 44
9.6966

29 24 17 39 42
19.3006

18
1.0

16
3.6425

32 7 35 49 46
19.1549

29
5.2865

5 10 7 9
16.1668

31 10 46 44 8
15.0501

43 4
6.3931

27
2.6957

14 21 45
13.5639

14 8
2.5748

45
2.3377

21 17 39 25 38
16.9954

40 1 6 26 29
14.3021

20 16
9.4486

29
5.2503

44 38 42
16.4973

32 33 26 31
8.7977

49 2 18
3.3284

10 7
9.3748

3 44 28
16.959

24
1.898

23 8 28 21 3
18.7675

36 20
16.5666

15 43 33 48 44
19.5291

45 32 6 20 26
15.8435

31
2.1366

15 37 31 30 35
18.9574

32 12
8.1284

42
10.0052

37 3 30 14 44
12.891

9
6.1726

6 47 49
13.0716

30 11 45 46
12.6051

1
2.294

38 48 25
13.2497

24 45
4.0891

8 46 13 11
12.6247

0 34 12 29 17
12.2948

37
1.0

14
1.5935

39 0 6
10.4013

15 30 20
12.5789

43
2.2902

6
5.5525

28
9.3618

16 44 0 24 19
14.3898

19 3 34 1
11.901

3 49 17 25
9.928

16
3.4968

32 8 12
8.7808

38 30 33 2
9.3978

11 19
7.198

9 37 1 29 11
14.1252

48 35
18.4334

28
9.2798

8 49
2.0

14 26 3 49 24
9.6626

24 33
4.1795

18 4
5.4881

33
2.3672

1 6 42
15.0549

28 21 46 14
18.8367

8 15 12
10.2863

14 22 42
16.6709

9 8 13 19 48
18.6918

24 42 28 49 8
18.9589

7 15 46 3 43
20.0467

45 32 11 43
10.6246

14 7 26
10.495

36 26
13.7369

14 41 30 7 3
16.3284

24 17 6 26 14
10.5889

32 38
7.1337

2 48
11.4888

43
2.2975

18
1.0

6 23 43 16
11.8646

15 4
9.2453

24 25 34 46
11.4596

33 0 15 41 21
16.5585

49 26 32
6.691

46 33 18 36 12
22.7664

26
1.0

11 45 37 29
9.9142

45 40 38 31
13.7656

1 12 24 33 49
9.9935

22 35 21 0
19.0196

33 26 27 21
14.9283

26 27 0
5.4936

24
1.8949

6 7
9.4296

11
2.2586

43 32 41
10.6887

31 13 3
11.8017

16 3
7.2005

34 1
3.3211

7 49 35 44 41
18.8583

10 21 1
13.1176

13 22 43 45 46
17.8293

40
8.4474

13 41 44
13.8679

9 40 47
18.7377

20
6.8035

27 18
3.6001

28 2 49 7 15
18.2802

32 0 29 14
11.288

24 26 21
13.1246

3
5.1143

44 47 1
14.6025

13 17 25
9.4712

5 30 43 8
8.8941

8
1.0

39 34 48 17 10
17.2268

13 29 17 33 7
17.5416

34 15 45
9.1111

20 26 4 44 23
16.2336

41
5.1313

26 5 43
6.3352

37
1.0

0 19 20
11.161

15 38 10 29
11.7125

41 35 48 46
20.7618

35 34
12.5831

20
6.8274

42
10.0152

27 21 16
14.3552

29 1 7
12.9163

14 5 16 29 18
11.6865

31 1 21 33 43
16.027

42 14 13 32
17.5711

20 30 31 36
19.2522

40 15 13
15.5671

16 47 49
12.2433

33
2.3854

8 38 4 48 26
15.7915

35
11.7917

18 0 24 20
10.6284

45 49 22
10.3597

36 19
15.5108

24
1.8751

12 30 9
11.3536

27 36 49 32 46
20.6585

47 21 18 43
18.2134

5 12
6.6616

42 36 12 46 30
22.1999

28
9.1964

46
6.9582

5
3.2475

44 1 13 36 47
22.7323

11
2.3055

19 7 3
15.6972

4 43 17
7.2807

45 10 46
9.7732

43 14 11 8 25
8.3886

8 4 36
16.1011

33 46 42 36 29
21.5668

29 20 26 41
13.1859

36 45 13
18.8672

35 32
13.3775

47 22 45
15.7935

2 28 42 3 37
21.6431

13 25 44
12.139

27
2.6118

48 38 24 46
13.6459

32 28
12.7053

44 39 13
13.6161

5
3.2677

12 3 24 5 38
14.0836

0
1.9159

0 2 25 14
7.1936

8 19 34 45
8.7646

35 17
13.1483

36 9 46 11 31
19.5632

30 2
4.8283

22
8.3182

29
5.3193

41
5.1021

2 32 31
8.2108

5 12
6.7327

42 49 1
11.763

35 42 18 19 26
22.0442

41 22 34 0 5
14.3654

45
2.2838

40 29
11.816

15 1 13 34
12.15

21 37 10
12.9642

21
11.1352

19
5.2175

11
2.2678

9 18 28 47 32
20.7889

33 2 5 47
14.3919

9 3 29 12 39
17.817

22
8.4724

16 15
8.7254

5 6 42
16.5589

28 1
10.7663

10 22 32
12.7706

0 42
11.1569

25 47
10.5918

30
3.4727

1 13 33 15
13.1948

33
2.3509

3 48 2 41
17.9366

4
4.3811

41 35
14.8361

30 9 19 11 4
15.0702

9 41
9.9899

46 20
11.5572

5
3.1835

34 48 9 28
18.3355

30 18 22 27
13.01

25 7
9.9537

18
1.0

41
5.166

9 13 45 43
14.6071

24 38 21 3 15
16.9473

4
4.4522

46 0 45
10.11

17 33 39 9 22
18.9391

22 5 36 14
20.6987

9
6.1409

13
6.1028

17 26
2.5897

39 10 47 32
15.8921

26 42 16 12 27
17.5448

1 37
3.2691

48 35 16 28 2
22.4017

6
5.4173

4 36 48 18 42
23.0916

1
2.2517

17 41 9
11.4226

24 40 36 49
20.6641

25
2.5634

14 17
2.957

18 33 44 14
11.0203

29
5.2258

40
8.5813

34 32 9 0 31
13.2093

13 39
9.9342

1 26 44 8 10
11.4804

27 14 9 0
11.2091

49 17
2.5538

41 14 24
8.0726

24 30 40 33
14.4038

46
7.0839

23 43
6.381

1
2.251

36 25 45
16.9219

48 15 30 44 11
19.4363

19 5 7 11
14.6312

25 40
10.2748

1
2.2256

33 43 48
13.5853

16 37 3 40
14.8508

36 40 25
20.8079

28 6
12.1414

46 7 29
15.5954

37
1.0

18 28
10.4612

27 33 47 38 41
17.5229

30 14
4.9551

8 41 39 29
13.5712

19 48
13.0654

18
1.0

34 37 29 4 17
8.7679

3 24 35
17.117

47 11 25 28
15.5554

10
1.0

39 21 38 28
18.1868

24 18 16
6.2649

33
2.3982

47
8.7281

37
1.0

37 18
2.0

3 14 15 18 47
16.6854

5 36 44 14 20
21.8375

12 33 49
6.9557

9 36 20 35 37
25.1139

11
2.2693

28 25 20 46
16.4541

39
5.4246

5 49 11 48 3
18.1065

36 8
13.8891

3 45
7.1385

5 26
4.3108

13 37 14 24
9.9861

12
3.7627

8 33
3.3566

40
8.524

18 38 34 41 39
12.8249

41 19 0 7
15.3753

21 41 16
13.1892

8 29
6.2956

33 36 30 40
21.6015

9 24 49 2 7
16.1667

33
2.3832

17 15
7.749

42 21
17.8401

8
1.0

48 19 24 14 1
15.9839

13
6.0843

20 40 27 45
16.4243

2
1.3258

17 31 22 18 46
16.0366

39 27
7.7036

4
4.313

29 42 48 17 25
22.7862

12 22 26 47 3
19.7816

47 1 18
11.3412

32 44 15
13.4217

33 5 16 22
14.3886

32 43 44 23
13.6361

44 25 15 19
15.6713

13 38 7
13.2915

44 15 0 45
14.3906

35 24 14 34
15.3087

18 20 11 4
11.1554

27 30 39 16 38
14.002

16 39 23 11
12.0316

46 25 12 24
13.4029

1 25 13 3
13.5521

5 4 36 42 34
17.0399

8 42 19 3 20
18.1266

8 39 21 30 2
17.3415

18 4
5.3446

16 32 29 11 13
15.9383

39 2
6.8257

40 48 31 45
17.59

48 39
14.1362

40 24 49
10.5708

27 49 41 17 48
17.7764

9 11
8.0097

5 38 49 11
8.2946

3 10 21 1
14.9673

33 29 47 4 45
15.6683

36
13.2214

27
2.5863

44 49
8.3972

49 31 16
6.4172

24 1 11
5.9184

47 42 43 46 24
20.6067

23 9
9.4219

49 43 19 9 48
18.1316

36 13 34
17.7566

30 9 35 34
18.3468

15
6.3739

8
1.0

21 10 14 44 5
18.2921

32 10
5.9592

37 2
2.3346

35
11.9295

44
7.5551

46 40 6 34
14.5308

44 26 32 37 36
20.2509

35 36 31
23.014

48 30 44 49
17.3783

5 26 25 32 43
11.0323

18 10 45
4.2145

31 49 8 19 20
13.0861

19 13
10.1373

30 48 37
13.7613

37 5 3 30 19
12.2347

27 17 4 39 47
17.4109

24 28 42
18.0102

16 12 34 40 21
19.4721

22
8.4288

1
2.3405

35 44
14.6356

25
2.5172

0 2 20 17
10.9545

40 7 1
12.9105

29 6 30 31
13.4986

14 8 41 3
10.8099

40 47 13
14.539

31 36 47 32 9
22.0843

13 23
9.505

27 45 42 31 34
16.1218

36 33 3 13
20.2965

8 45 31 4
9.0338

15 40 14 0
14.8684

39 26 4 34 48
17.9366

0 34 28
11.4857

11
2.2426

12 48
13.1557

24
1.8649

27
2.6007

28 9 49 29 17
18.9848

25 10
3.5899

36
13.1839

42 27
12.3135

27 35
13.6773

29 23 18 47
15.7943

46 39 1 7 30
18.5544

21 35
18.1383

13 44
10.8569

28 24
10.704

1 34 23 37
8.3064

6 27 31
9.5927

24 39 49 2
8.4118

24 29
7.015

13 43 33 48
15.3169

45 23 39
10.7529

3 31
7.206

26
1.0

1 22 29 21 15
16.2477

43 29 31 19
12.4814

33 30
5.6852

7 15 40 24
16.2644

7 3 34
13.4921

2 17
2.8918

11 34
3.2483

47 18
9.8156

28 43 42 49 23
20.5587

39
5.3613

37 25 22
10.6388

25 2
3.9187

11 43 4 29
8.8586

41
5.0606

22 46 40 23
19.1488

27 3
7.539

6 8 46 7 3
18.0746

40 8 32
11.1074

48 24
11.6736

12
3.7542

23 34
5.5532

26 29 42 45 1
16.5038

28
9.3719

0 28
10.7053

12 39
6.4107

22 27 6
14.146

36 40 43
20.4204

37 9 16 45 25
13.4556

25 39
7.4214

46 44 34
13.6095

43
2.2872

28 2 36 34 6
24.1777

4 8 26
6.312

45 24 7 41
14.3798

28 37
10.4589

47 7 26 5 23
19.4068

43 23 32 27
11.9092

36 34 31 14
16.3382

19 1 20 25 17
14.3162

26 18 29 14 2
9.8712

38 28
11.0351

16 4
7.323

31 13 43 15
12.4596

37
1.0

42 10 15 32 1
17.8786

0 5 28 10 26
14.8822

40 28 22
17.7547

13 35 22 48 23
23.6143

31 24 17 21 27
17.1235

38
2.7708

38
2.7156

43 35 4 20
17.3564

39 9 33
12.8685

18 7 35
13.8908

47 49 14 22
14.7246

21 39
14.5146

34 11 32 18 5
10.2357

1 19 10
8.1552

19 30 21
14.7736

24 11 18 43 17
7.9166

11 34 47 27 6
16.3538

41 42 48 8
20.7252

42
10.0664

49 39 28 7
15.5203

1 31 39 2 42
17.2579

9
6.2657

27 23 5 46 0
14.8962

26 34 11 40
11.777

18 43
3.3197

6 44 34 46
16.0941

12 17
5.1349

23 17 8 40
13.7296

18 41
6.2006

27 45 20
10.6775

11 4 48
14.0602

2 49 36
15.2242

17 44 14 21 47
19.9098

36
13.3304

38 31 25 37
6.9494

14
1.5214

18
1.0

25 5 23 33 44
15.3091

12 7 39 45 46
18.157

33
2.377

19 44 42 23
18.6235

24 27 29
8.8028

27
2.6153

9
6.1408

3 31 18 8 34
9.5727

20 19 39
13.5077

22 16 4
12.319

17
1.5684

20 23 43 28
16.4636

40
8.5104

12 34 16 6
11.922

13 25 16 4 22
16.2876

29
5.3858

9 11
8.0884

4 1
6.3273

41 1
7.0324

19 16
7.5078

10
1.0

7 27
10.5446

41 2
6.3757

5
3.2067

45 20 39
12.7265

30 1 48
13.4589

33 21 2
14.143

46
7.0033

26
1.0

38 7
10.1426

12 40 32 47 4
19.2573

2
1.3288

41 16
7.0765

46
7.0324

23 16 42 29 40
21.8748

20 32 13
12.3619

3 17
6.7274

45 10
3.1938

46
7.126

39 48 47
16.9127

43 32 22 6
15.833

49 21 1
12.8126

21 31 15 37
15.0087

40 2 48 49
18.1112

22 12 43 38 30
14.8161

17 24
3.4215

4 0
5.9281

48 43 45 24
14.7808

6
5.4777

45 30 16 29
11.4595

36 16 39 41 40
24.5056

38 42 23 12 6
20.3804

31 40 45
12.0721

29 37 8 11 12
12.0686

8 16 6
9.5113

15 31
7.6802

25 5 13 0 27
12.7572

5 1 7 39 34
15.3258

13 3
10.3368

40 10 35
12.6977

48 44
15.0783

48
10.1307

34 36 12 18
17.9833

10 3 30 42 11
15.1223

1 6 21 30 4
18.1097

0 10 24 36
16.1376

24 37 3 8
8.3049

16 2
4.8778

37 34
2.0

28 3
13.4187

20 2 11
9.7613

47
8.9144

20 13 8
10.5258

3 19
9.4036

31 37 6
8.3439

7 8
9.3879

1 13 4 49 29
12.2383

24 27 29 21
16.7474

43
2.2846

12 21 14
14.7389

35 18
12.7153

38 9 26 29
12.3212

29
5.4022

26 43 40 44 27
15.906

27 22
10.5768

29 34 18
7.2587

39 38 31 1
10.4321

27 14 48 3 38
18.5317

40
8.4782

41 5
7.6652

25
2.5289

43 4
6.2794

16 40 48 28 4
21.1093

21 20
15.0433

22 0
9.5303

16
3.6499

23 26 12 4
11.9433

49 16 29 4
9.1002

21 48 22 32
19.7416

19
5.2567

27 21 26 23
14.599

31
2.0987

18
1.0

35 5 40 2
14.9424

24 11 21 10 36
23.1038

41
5.1025

8 25 16 4
9.7745

39
5.5452

18 19
6.3302

5 18 40 17
12.7375

36 3 5
17.2116

14 12 9 33
12.9392

32 0
6.5622

21 43 5
14.3203

29
5.382

25 27
5.0569

49
1.0

25 21
12.215

33 29 43 14 20
13.3688

17 27
4.1488

30
3.5692

21 42 28
21.8197

6 49 24 1 8
10.4272

26
1.0

11
2.2647

25 37
3.5604

41 16 1 42 9
15.7217

22 37 45 47
16.9179

22
8.3991

23 26 6 14 44
15.0089

6 2 31
8.4145

21 34
11.6844

38 13 23 24
12.8163

3 9 42 47
18.5173

2 16
4.9293

8 38
3.7856

36 47
19.0122

19 32 38 35
16.4981

1 8 28 10 46
15.2336

12 36 9 15 5
20.7615

44 36 40 10 19
23.6519

17 11 1 20
11.2589

36 42 1
14.1931

49 7 3 39 10
16.3244

30 45 15 36 40
24.7929

16 47 33 40 32
19.2424

5 12 11 22
14.2691

24 21
12.2212

27 40 12
12.5553

45 0 1 18
7.221

33 2 12 47
14.798

47
8.7734

19 35
14.5995

1 12
5.8185

34 45 31 24 41
10.3101

24
1.8951

38
2.7679

7 47 33 27 45
19.7444

36 29 46 23 14
23.4518

4
4.3658

46 6 29
14.1909

37 23 27
7.9125

26 45 20 19 36
20.2698

13
6.1589

30 16 6 15 48
19.618

19 49 3
10.3009

4
4.4499

14 44 30 1 19
15.1765

37 16 35 18
15.7872

40 26 29
12.7846

30
3.4815

49 40 27 11
12.8461

28
9.4284

47
8.8239

31
2.1462

49 2 32 36
17.7573

30 44 32
11.4239

4 25 40 27
14.1704

40 34
9.554

13 38 18 39 45
14.3848

49 37 25
4.5279

33
2.3753

22 47 36 10
23.8788

29
5.3972

35
11.8523

4 17 3 38
11.4197

12 33
6.0373

22 3 4
13.3611

31 30 39 0 26
12.1815

29 28 10 0 25
15.4951

48 37
11.2128

31
2.1252

36 40 23 34 30
22.847

43 2 45 47
13.1904

2 15 40 12 26
16.8368

8 27 26
4.3581

32 35
13.3519

45 37 26 25 3
11.2547

32 37
5.8536

29 41 20 46 42
21.5903

14 18 4 48 38
15.5979

33 41 9 19 0
14.8744

39 45 31
9.3328

35
11.7304

10
1.0

34 43 2 8 9
10.9187

34 29 30 8
9.8942

1 2 25 27 10
9.0342

14 43 49 33 25
8.8636

14 6
6.6378

25 16
5.8881

3 32 2 6 41
16.9941

31 28 43 5 18
14.9448

0 33
3.8588

29 16 14
9.4296

40
8.504

26 33 44 8 21
16.4334

49 19 26 21
15.089

46 0 9 26
13.7154

37
1.0

13 16
8.8821

36
13.2585

13 8 49 23
11.2368

24 20 21 2
17.5276

18
1.0

33 39 14 37 49
10.8488

19 31 7
13.5322

25 29
6.8325

9 21 7 48
23.9181

33 44
8.7137

10 31 34 47
12.2588

0
1.9258

39 7 31 17 22
18.2698

24
1.8762

43 27 23
8.7778

5 30 36 1
17.0445

26 9 2 3 42
14.519

42 24
11.1139

17 39
6.8184

42 35 34
19.7842

29
5.2951

48 30
12.6893

31 2 48 37
12.4752

5 14 1 17
7.9631

9 4 26 24
11.6327

18 6 2
7.7425

4
4.4193

42
9.9821

5 35
13.5636

20 34 14 27 10
11.4238

41 47 0 48 19
19.4111

49 21 8 17
13.4487

22 43
9.7653

31
2.1261

19 44 35 37 41
19.7322

34 24
2.8569

18 12
4.8086

45 20 48
15.423

18 46 31 28
13.9129

29 44 48 33 16
20.441

40 39
11.0106

17
1.5359

38 29 43 5
9.4718

20 5
8.9567

40 16
10.631

6 43
6.8838

47 24 44 39 33
17.5612

31 37 35 36 13
26.0275

35 34 44 29
17.7164

48 37 31 6
14.6753

2
1.3343

12
3.6829

29 28 27 2
15.7371

11 26 27 7 14
13.8731

41 30 13 39
15.1276

0 35 19 31
17.2501

40 21 39
17.9314

3 27 49 35
17.9965

7
8.4683

13 48
12.3844

48
10.2939

23 28 33
14.1539

1
2.3372

16 48 42
19.0365

5
3.2207

18 39 40 16 13
16.9809

11 49 45 33 12
10.8234

8 13 38
9.1275

10
1.0

1 42 43 40 9
18.407

13 39 6 38 42
20.8153

5 29 27
7.7508

14
1.5894

11 47 26 35 33
19.477

43 45
4.345

40 9 0 26 19
17.1041

41 15 22 5
14.7227

6 2 42 33 26
16.6188

38 25
3.954

18 14 29
7.5429

1 26 3
8.1404

16
3.6171

3 30 44 34 4
14.2126

26 8 14 23
7.7523

43
2.2788

47 48 3 38
18.8502

14
1.5234

40 11 16 38 22
17.2024

22 30 1 15
13.1021

23 34 44
11.3173

37 45 49 27
6.7931

27
2.5909

20 9 33 4
15.0809

7 8 46
14.0354

45
2.2779

42
9.9855

8 27 4
7.057

24 19 23 43
11.8354

21
11.0363

27 31 41
9.3569

46 43 45 18 15
14.9869

35
11.8327

21 2 23 37
13.7381

34 39 30 15
13.576

48 14 32
14.1186

9 7 43 0
15.7442

28 47 33 18
16.3019

2 3
6.3553

21 42 1 26
18.8024

10 5 40 19
14.0734

47 25 1 37 0
14.3736

16
3.5292

17
1.5656

10 11
3.2104

8 34 7 37 21
18.3384

21 13
14.2667

34 21
11.632

36 24 23 45
18.8014

41 14
6.5136

35 18 6 28 44
19.5653

27 8 24 5
6.5154

38 1
4.8868

43 17
3.2873

15 44 31
13.1834

43 47 34
10.9877

6 19 9 4 20
17.9237

22 4 39 2
15.2552

11
2.2126

2 44 33
9.9567

36 35 8
22.4246

42 46 34 47
19.6888

3 10
5.828

47 16 34 18 20
15.1579

5
3.2587

32 39 20 40
16.3009

42 21 38
18.593

13 3 18 22
15.5053

12 17 49 26
7.0731

48 36 5
21.2805

2 47 41 43
14.7754

1 15 30
9.7067

0 6 34
8.0215

43
2.2856

25
2.561

48 10
11.2488

28 7
13.4512

46 36 26 48 7
25.0347

24
1.8711

8 31 46 12
11.9287

48 16 5 30 47
19.4176

29
5.2764

6
5.4885

44
7.5389

31 32 38
8.977

38 22 46
13.8713

1 40 26 6 11
12.3985

13 19 12
12.8526

21 7 39 31 49
19.3417

44 17
8.9353

49 21 39 17
16.0975

26 6 15 34
12.0464

15 0
7.9819

15 27 10 46 47
18.4031

38
2.7985

35 42 38 12 44
23.5219

6
5.5294

48 24 21 28
20.2916

1 30 45 33 3
11.1238

46 31 37
8.8613

34 17 15
8.4265

45
2.2585

46 29 5 49
13.1838

37 27 0 11 49
8.4077

24 20
8.38

48 43 9
15.9039

26 48 7 0
17.3002

23
4.5161

4 12
7.564

47 23 20 10
14.819

5
3.2576

9 4 47 31 45
18.3368

49
1.0

23
4.5609

1 9 16 20 6
17.6134

8
1.0

20
6.835

38 7 17 10 20
16.1574

8 0 11 47 15
15.267

4 43 6 41
12.7277

42 8 34 28
18.4727

0 30
4.6935

43 14 38 42 10
15.1615

17 0
3.4407

32 8 33 29
11.3124

37 5 42 10
14.1313

27 30 33 43
10.0698

33 24 39 49 48
17.3788

24 31 48 2 16
15.1106

2 44 36 46 7
26.7046

40 48 41 9 16
22.6741

22 29
11.5988

36 20 41 9
19.3894

26 35 47 33 7
19.3276

30 44 21
15.3841

25 29 13 27 48
18.3245

5
3.2963

9 16 46 26
14.4963

11 40 17 27
13.2155

11 48
11.462

41 45 42
14.626

11 35 33
14.8717

2 10 7
10.4722

42
9.9651

47 35 30 3
20.0381

47
8.9463

17 24 21 26 5
16.6828

14 43
3.1842

23 9
9.5331

4 35 37 8 5
16.385

30
3.4812

42 18
11.0083

24 16
5.2052

11 0 16
6.4387

22 4 20 46
17.1904

19 5 31
9.3482

33 26
2.3614

28
9.4815

35 23 41 24 29
19.9552

49 46 31 36
19.2945

5 37 7
11.7022

22 34 45
10.501

34 37 25
4.3707

37 22 17 14
11.682

14 0 24 4
8.5994

26 36
13.7005

10 40
9.3809

12 30
6.9095

24 17 2 23
8.8576

15 7 19 5 27
17.7958

42 15 38
15.7863

27
2.5919

9 23 13 16 44
17.9129

19 14 28 48 18
17.9514

26
1.0

30 14 19 23 5
13.2075

23 24 4 9 27
15.143

35 28 49
17.001

27 34 26 0
6.4505

2 7 27 31 0
14.7937

1 8 49
4.182

40
8.6091

42 36 33
14.3426

38 40 7 23
15.4707

27 36 42 29 34
17.0238

14
1.5399

47 44 24 10
15.0078

0 24 46 10
10.5184

13
6.1327

1 15 36 30
19.1344

46 16
9.6471

9 6 41 29 37
17.4808

0 23 15
10.4956

23 19 45 21
15.6207

23 4 33 36 11
20.4457

18 4 22 21 38
14.7228

8 34 41 27
8.7954

24 26 0
4.3762

47 3 44
15.9372

14 46
8.1468

47 28 6
15.7481

10 36 9 7
20.1769

42 22 34 47 45
22.2902

47 40 26
15.3753

15 42
14.0958

33 36
14.339

20
6.7356

14 10
2.5264

34 48
11.1694

34
1.0

44 25 32 39
14.3923

21 48 44 25
21.043

28 23 26 18 49
14.7869

20 18 16 32 24
14.7098

28 26
10.2492

0
1.935

24 27 14 29 31
11.8303

15 0
7.9164

4 15 9
13.5537

26 24
2.8615

44
7.6303

48 41 27
15.7015

35 28 4
17.7668

6
5.5048

6 0 14 16
10.5776

31 8 1 15
9.1295

17 39 2 34
9.2207

20 14 9 36 49
17.8426

0 48 15 10 28
18.4933

17 0 41 11 37
10.7164

19 16 27
9.6133

10
1.0

40
8.4326

25 45 40 20 4
17.1308

39 43 17
8.2274

47
8.7065

19 26 4
9.0482

26
1.0

38 15 34 16 11
12.228

0
1.9086

32 4 33
9.9142

25 12
5.9553

25 37 31 14
7.0547

15 44 25
13.4753

21 33 40 25
18.7947

28
9.2912

46 34
7.867

1 29 26
8.1932

23 30
6.0746

19 16 39 35 5
18.53

48 43
11.6049

6 2
6.6942

24 9 47 36 7
24.186

30 5 33 47
15.4466

35 34
12.7042

43 1 32 29 41
14.71

40 42
16.5562

8 27
3.3563

36 22 19
20.4435

36 4
15.5419

48 0
11.3799

42 27 41
15.5852

6 39
8.9334

9 42
10.0545

9 44 2
13.267

23
4.5676

27 23
6.8011

6 11 43
8.4154

23 18 46 3
14.255

9 42 48
17.4063

19 30 9 6 16
16.0713

25 20 46
13.2114

47 32 20 14
13.6665

40 2
9.854

17
1.5632

6 33 42
15.4249

15
6.3763

32 8 23 37
10.2912

32
4.9924

42 4
12.9519

24 16 15 25 12
14.5892

25 34 43 31 16
10.2211

12
3.7255

35 45 25 21 39
21.0109

8 38
3.636

29 28
12.7667

29
5.2888

35
11.9762

1
2.2548

36
13.1694

13 37 16 23
12.006

5 35
13.6778

6
5.4986

12 46 24 9 8
16.2277

27 45
4.8438

48 4
12.9618

23 20
10.2909

16 28 30 9 45
18.2383

19 21 0 44 43
18.4778

0 14 48
12.0369

12
3.7796

20 16 18
10.5478

5 36 39 37
19.3477

23
4.5627

40 11 33
12.0138

48 23 25 47 37
18.8882

44 45 33 3 17
14.8018

41
5.0787

31
2.1079

14
1.5724

9
6.235

10
1.0

20 38 30
11.1709

13 7 33 45 32
17.7618

11
2.1537

21 28 30
16.7741

13 1 32 40
15.1499

43 41
6.9159

1 23 16 45 17
11.1868

35 34 0 33 19
17.9873

0 3 17
7.9087

12 29 31
10.2624

35 40 30
14.0419

21 5 11 41
15.2152

49 29
6.2462

1 48 45 2 7
19.0643

30 4 43
9.0017

17 37 35
14.098

29 1 19 35 36
25.6148

13 46 10 14
12.4969

15 4 35 39 32
18.8946

43 36 34 39
19.4066

49 32 1
7.7353

4 45 22 42 30
19.6943

25 22 44 2 49
16.2568

44 3 28 48 19
22.0216

16
3.6343

26 37 31 40
12.1601

44 38 17
10.9341

44 27 17
11.1683

45 20 3 0 48
19.5766

10 16
4.5533

6 45
7.6707

32 27
6.5493

30 20
9.6475

2
1.3378

15 13 9 40 14
19.8963

37 8 40
10.2484

34 11 49 5
7.2511

12 27
6.3522

0 8
2.8246

0 32 21 30 6
18.3038

4 25 27 23
11.3664

4
4.3228

40 15 33 27 4
18.3838

4 25 26
6.9955

16 49
4.6021

29 10 1 8
9.0975

9 10
7.0594

39 20 26
11.7463

3 16 8 4 42
17.2774

19
5.3098

16 10
4.4743

14 17
2.9675

24 36 11 23 10
19.2544

39
5.3561

0
1.8631

32
4.9185

45 24 41 47 10
15.1559

0
1.9155

27 6 42 13 12
21.5053

13 42 40 6
19.232

25 11
4.7199

16
3.6368

20
6.9092

17 21 26 0 11
15.064

8 15 49 29
11.7724

2 31
3.4863

10 48 34 7 18
18.1452

14 5 41
9.0438

17 40 22 38 33
18.1606

24 29 19
10.678

2 13 8
8.3

40 44
12.4397

44 42 11
16.2835

7
8.4776

24 35 0 41 44
19.2863

8
1.0

5 44
10.0912

29 46 0
12.2952

22 33 21 46
16.958

37 3 17
7.6904

24
1.9007

7
8.371

3 14 36 30 22
21.203

12 42 15 48
22.3956

21 9 46
18.4718

31 7 17
11.4578

8 30 37 20
11.4419

12 9 48 26
18.0495

3 26 48
15.1244

3 48 18 43 41
18.8975

5 14
4.6783

35 45
13.5238

9 40 32 41
17.5138

25
2.5958

21
11.072

48 26
10.9914

16 22 20 45 21
17.327

49 39 33
8.3461

49 1 30
6.3943

43 2 17 38
7.1128

5 29 9
11.909

46
7.0404

41 12 39
10.724

40 39 27 15
16.5891

27 8
3.3714

33
2.3759

25
2.541

46 10 37 4 42
18.8719

18 4
5.3465

1 32 12
9.8904

1
2.2282

38 37 22
10.3286

12 27 34
7.2042

36
13.2067

26 27 1 2
7.1589

25 14 40
11.5417

42 24
10.9659

19 7
11.8486

1 4 47 46 0
16.7435

15 37 19
11.2882

40 41 22 14
16.9125

47 46 42 26 37
20.3595

4
4.3475

33 31 46 20
14.1939

44 47 35 0 21
23.5993

0 17 46 3 18
14.4708

2 21 35
19.4562

4
4.4038

12 33 17
7.4963

21 8 5 47 31
19.9667

48 10 8
12.0909

43
2.2623

7 33 14 1
13.2436

13 46 35
18.0144

26 10 2 14 41
9.1467

6 21
14.1943

12 28 9 32 37
19.3756

23
4.5253

34 47 38 3 6
18.2617

19 35 40
14.5278

42 13 37 3 17
18.8894

41 4 32 20 33
15.8158

2 32
6.2239

43 17 0
5.0389

47 24 40 8
16.4185

36 18 32 38
18.4394

11 44 7 31 45
17.0417

2
1.3232

17 35 49 45 34
16.4009

3
5.1651

25
2.5356

24 45 36 17
17.3539

19 8
6.2174

5
3.2577

24 49 8 27
5.7279

9 19 47
16.143

22
8.4234

35 6 18 27
14.7072

26 27
3.6343

27 31 2
6.0382

4
4.3416

2 18 20 16
11.8165

29 43 40
13.0513

28 10 31 6
14.0569

43 41 25 34 2
10.633

41 48 7 0
19.0294

9 16
8.7924

26
1.0

17 41 1
8.2786

6 39 22
14.3232

11 35 0 46 34
18.6346

48 18
11.1069

41 18
6.171

9 43 31 21 23
17.4686

11 20 15 47
14.6944

32 9 7
15.6095

38 7
10.1499

27 17 15 12
12.8217

6 21
14.2868

39 48
14.1376

7
8.3879

46 29 38
11.9896

14 6 46 21 9
21.8597

18 26
2.0

20 24 37 47 35
20.3591

47 5 8 40 39
18.4418

45 18
3.3609

26
1.0

8
1.0

16 35 7 0
15.7884

5 20
9.0614

7 48 38 2 43
19.0641

4 30 27
9.2134

4
4.3388

0 33
3.8057

13 10 42 33 48
20.5196

45 5
5.3241

39 2
6.7006

8
1.0

28 24
10.607

25 14 49 27
7.4645

19 12 39
10.7505

40 31
10.2846

18 16
4.6905

48
10.3032

10
1.0

3 37 10 14 42
15.6331

38
2.7473

45 32
7.0277

17 31 42
12.891

13 11 46 3 39
18.3789

21 10 0
12.8082

3 39
10.1438

32 27 20 41 40
18.6005

28
9.2966

13 4 7 36 25
23.867

1
2.2491

45 25 15 29
13.0984

48 26 0 44
16.4311

48 11
11.3699

7
8.3118

3 40 42
18.9777

29
5.3905

16 13 26 40 45
16.4712

30 49 16
6.4668

2
1.3435

22 37 9 16
14.9735

36
13.3679

42 3
12.8983

42 38 28 7
21.562

34
1.0

42 7 48 31 20
23.2834

19 31 38 36 22
22.2727

39 26
6.4135

25
2.5783

13 25 17
9.4295

14
1.5604

32
4.9772

32 17
6.4044

22 3 36 23
21.1043

4
4.4562

0
1.8697

1
2.3248

40 33
10.5906

43 38 48
13.577

20 39 15
13.6577

26 41
6.0641

15 25
8.3836

37 14 12 7
12.8641

1 11 17 13
10.7527

32
4.8893

4 39 42 31 3
20.1197

6 11
6.9421

15 26 12 33
11.5363

26 27
3.65

23 31 26 40 33
15.031

1
2.3218

31 8
3.0918

2 43
3.5845

3 42 36
16.0046

26 15 16 32
13.0915

32 1 7 3 13
18.9181

22 29
11.6089

25 42 46 21
22.24

49
1.0

14 15 8 26
9.2303

32 34 18 47 15
17.1285

12 13
8.9207

39 18 26
7.4856

28 9 17 7
18.8154

14 2 48 6 27
17.6998

24 17 43 18 37
7.1043

35 33 41
16.6827

34 10 42
11.5875

32 12
7.9682

11 40
9.959

21 30
11.9143

28 35 41
18.5339

20 15 14
10.9499

45 38 42
13.8809

42 38
12.1616

42 21 5 47 23
24.0069

36
13.2177

44 42
14.8787

19 26
6.1581

27 25 17 37
7.5351

43
2.2839

11 49 2
4.5391

22 28 2
14.7989

40 12 13 25
15.5715

38 26 16 41
9.8

10
1.0

47
8.7631

14 25
4.1047

15 11 26 22 20
15.4794

48 39 20 43 12
18.803

34
1.0

23
4.4069

18
1.0

49 28
10.3298

41 46 4
12.9137

21 40
16.0723

24 6 26 4 7
13.8429

7 4 40 25 6
14.4883

13 4 38 37 48
16.6597

17 5 11
6.8248

28
9.458

23 12 2 42 11
18.516

1 6
7.3467

47 42 7 31 8
22.3799

19
5.3569

23 40
11.6102

42
10.1264

23 37
5.5253

30 11
5.3896

15 17 18
8.7091

49 32 45 27
9.5921

48
10.1699

35 31 33 47
19.8196

13 14
7.3704

24 48
11.6688

28 9 6 27 42
21.3818

17 44 29
12.8925

28 13 14 2
13.7022

6 23
9.0774

37
1.0

3 31 4 8
11.1485

0 37 45 38 48
16.0066

36 10 43 11
17.1903

36 31
14.611

19 9 44 12 5
18.3224

25
2.5273

36
13.2149

21 2
12.2915

32 38 25 16
10.9073

44 9 22 30
17.4661

27 14 17 33 0
9.2521

48 43
11.6803

14 16 38
7.4473

20 8 32
10.8054

17 34 15
8.5495

29 4 10
6.2359

26 6 8
7.3842

4 35 20 32 15
19.6471

31 44 6 1
13.3702

17 47 31 7
16.783

23 0 39 9
14.535

4 23 37 13
13.0181

13 35 44
16.6103

18 24 15 46
13.8726

47 38 48 11
16.3599

33 41
7.1867

5 30
6.4749

18
1.0

49 16 46 23 20
16.2252

33 0 3 37
9.3493

29 25 19
10.6141

15
6.3047

19
5.3661

19 32
7.5304

44 47 17 23
16.6726

12
3.7794

8 23 18 15
11.1533

32 7 35
14.4343

31 8
3.1419

40 27 19
13.3669

44 9 19 35 13
21.7011

3 24 27 37 22
15.2733

24 34 41 21
13.9917

48 23
13.3852

1 9 33 2 44
15.3962

26
1.0

46 26 24 31
10.6065

8 28 27 14 40
17.7486

40
8.551

16
3.59

7 24 8
10.8955

33 0
3.8505

25 34 24
5.2099

43 15 31 35 44
19.1397

23
4.6155

5 25 1 11
9.2157

13 24 18 25
10.5609

32
4.9087

13 10 14 3
12.0667

15 43 22 44 47
19.4314

25 31 29 12
11.7102

