0
1.9003

30 46 3
11.3453

26 44 48 19 1
18.4022

44 10 35 21 19
21.9254

40 45 38 3 39
17.8552

22
8.4569

47 48 49 33
16.2646

13 17 37 41
12.5254

28
9.3597

13 24 7
13.3937

11 9 48 1
16.0469

30
3.589

46 43 4 32 24
15.6777

11 20 5 18 32
13.65

14 26
2.5459

44
7.5195

4
4.2663

9
6.1074

29
5.3099

45 33 1 41
10.1654

11
2.2295

12 5 43 31 48
16.647

3 7
12.8281

36 14 20
17.231

28 25 44
15.1914

13 46
10.642

28 47 35 17 0
21.3133

4 36 7 43
21.9054

6 19 34 32 21
18.6089

26 36 41 28 19
23.9701

42 3
12.8967

8 33
3.3882

3 33 4 47
16.674

3 14 45 29 38
13.3293

17 28
10.7411

38 33
5.0733

48 39
13.9984

36
13.2239

38 10 14
5.1309

32 49
5.9446

19 38 23
10.4459

2 46
8.3544

48 46 3 27 42
21.6772

6
5.4516

21 26
11.7254

13 10 26
7.8778

30
3.4924

12 28 21 15 8
19.6039

47 34 33 35
19.2798

17 14
2.9569

21 20 35
20.8529

26 11
3.2633

38
2.7437

15 3 26 28 6
19.3939

3 20 16 36
20.4139

1
2.3186

0 15 26 24 14
10.8373

12 18
4.7965

22 43
9.6472

11 8 22 28
15.1095

22 23 24 10 7
17.2569

46 1
8.4566

3 33 13 30
12.0861

35 5 27 7
15.6481

33 0 20
9.993

39
5.5474

23 1
6.5858

35 10 21 28
21.5301

29
5.3717

5 15
8.9875

1 21 42 5 26
20.5886

43
2.2276

1 42 9
11.0461

37 43
3.2611

20
6.844

40 1 35 39 15
17.1439

38 19 37 26
9.319

46 10 22 20 0
17.8769

3 38 18 30 28
15.8153

26
1.0

29 33
7.5114

4 29
5.2689

14
1.526

48 32
13.4574

21 2 18 36 8
23.5452

14 4 11
7.5126

29 19
9.1588

21 43 36 29
23.5831

17
1.5587

19 9 24 34
11.1045

45 21
12.2981

34 26 31 9
9.3664

25 18
3.5682

40 44 17
13.6707

32 6
9.0543

47 36 15 3
23.6549

47 16 40 43 21
21.8102

19 26
6.2074

9 4 30 47 37
18.1299

35 16 34 39 0
16.5638

7 15 13
15.1571

10
1.0

8 5 22 4 32
14.9442

36 31
14.7017

4
4.3533

29
5.3431

26 37
2.0

14 27 17 33
7.8776

19 41
8.4576

14
1.5404

25
2.544

9 8 47 34
15.1393

14 15 38 12
12.1203

10 5 35 43
15.625

20 34 5 37
10.9326

34 4 31 11 40
14.8721

49 42 19 39 5
18.7728

20 10
7.6683

30 22 24
10.9856

43 27
4.7753

32
4.9573

2 8 37
3.3367

28 0
10.7365

15 10 12 33 29
15.8009

15 30 36
18.4745

1
2.1985

17 46 3 47 42
22.3885

9 19 49
10.1765

26 13 8 15
12.2625

18 35 36 28
26.3115

29 7 44 2 40
18.0996

24 6
7.1997

22
8.2853

20
6.8166

8
1.0

2 28 23
13.5563

31 43
4.1921

35 8 33 19
17.0701

38 33 37 36 47
22.4347

18 16
4.6298

1 9 17
8.6025

30 8 48 3
14.7642

20 43 32
11.3969

30 36 1 34 11
18.1507

43 2 22 25
12.316

40 29
11.9121

39 38
7.5983

46 40 42 25 13
23.1986

22 23 43 25 32
15.5325

44 22 23 11
15.1811

49
1.0

4 40 6 16 37
14.0064

24 47 46 34 16
16.5512

37 29
6.2552

4 23 30 1 27
12.7799

0
1.8767

35
11.744

4
4.3884

19
5.3211

48 4 1 15
16.482

6 25 24 45 29
13.9122

7 34
9.3228

30 34 37 16 15
12.2197

39 11
7.2822

4 27 49 2 12
11.4921

1 18 3
8.0935

12 24 4 45 31
12.5789

33
2.3706

37
1.0

16 4 9
11.838

17 11 6 38 21
16.9715

44 21
14.7231

42
10.1157

17 13 33 43
10.747

1 12 29 42 45
18.8076

0 39 7 19 28
18.5339

41 5 2 31 0
12.0786

32
4.8879

45 3 8 13 19
15.5764

45 13 31 1
10.4533

46
7.0085

43
2.2994

28 40 9 44
20.7744

0 29
6.9657

16 40 26 15 23
16.6161

10
1.0

27
2.6131

48 1 31 2
12.4156

24 23 46 16 21
17.9518

36
13.1595

13
6.0858

43 49
3.2668

34 7 19
12.9043

40 16 34 5 42
20.2081

23 43 21
12.622

4
4.3107

20 37
7.7726

35 11 12 1
16.0578

24 45 25 2
7.7338

12 40 14 42 38
20.7864

38
2.6876

21 37 43 6 13
18.6691

19 11 4 5 21
17.5378

36 23 48 26
22.9935

37 23 41 15 44
16.6889

6 11
7.1929

38
2.6745

31 1 47 19 30
16.8489

4
4.3958

40 16
10.6728

36 19 21 20 9
24.0276

20 19 4 24 45
14.1614

37
1.0

2
1.3384

34 43 3 24 6
13.7229

39 3 17
11.493

32 47 30 42
19.8193

42 11 15
15.0324

21 24 10
13.2216

18 22 39
12.9132

36 46 41 30
21.982

36 20 18 5
18.5172

21 31 16 0 25
15.7128

8 24 18 49
4.3783

45 44
9.3419

44 8 12 26
11.699

35
11.837

24 47 26 28
15.1161

1 22 14
10.8406

3
5.1521

44 10 5
10.9417

26 19 13 12 5
15.2355

43 34 6 26
8.7259

16 11
5.5382

44 4 14 48
17.8454

16
3.5737

47 2 24
11.2885

19 7 29 45
15.6632

7 30 9
15.0694

19 23 41 37 4
14.0023

34 40 17 30
13.1372

2 41 10 3
10.4293

9 45
8.1186

45 15 36 4
20.3428

46 16 49 45 36
21.946

45 35 37
14.5986

5
3.2737

19 6 0 17 34
13.1734

17
1.5991

29 5
6.7365

16 2 25 12
10.2808

7 5 14 34 13
15.761

44
7.5477

23 29 27 10
11.4433

11 20
8.3773

34 46 19
11.1036

33 44 9 5 34
16.1668

22 13 27 20 32
18.6317

20 46 10
12.3543

14
1.5902

19 30
7.9348

47 8 24 21 28
20.4066

48 34
11.1807

25
2.5368

46
7.0976

48
10.267

31
2.1139

30 23 19 47
16.3926

8 5 14
5.1871

18 40 12 38
13.5675

4 15 22 19 36
23.0676

32 2 30 14
10.2957

29 48 22
17.8209

21 11
11.7915

14 38 13 20 27
13.7293

3 40 26 17 5
16.4113

32 39 40
12.7872

39 6 19 34
13.3686

43 40 7
12.6452

5 8 13 43
10.6835

2 39 28 12
13.8271

25 12 49
6.7839

5 3
7.9971

28 35
16.1308

10
1.0

6
5.4522

47 28
13.292

25 46 38 34 13
14.0962

42 24 22
16.6682

12 38
6.302

8 31 7 5
12.6778

25
2.6153

24 9 33 25 22
16.6555

27 33 10
5.9273

30 31 26 19
10.7022

27 45 48 34 31
15.168

27 4 14 26
8.3862

46 24 45 39
14.293

20
6.9671

16
3.5704

8 24
2.8777

38 49
3.7356

42 10
10.8588

3 40 43 6
13.6775

27 13
8.3761

46 12 34
11.1216

31
2.1223

29 47 44
16.0339

7 39
11.0779

12 23 39 47
16.1009

31 9 39
12.2623

2 33 46 24
11.8557

18
1.0

46 47 4
14.6222

25 18 24 31
7.4195

3 35 44
17.1806

47 26
9.6956

6 44 25 14
13.6675

16 28
11.7893

1 18 21
13.3243

36
13.2197

17 31 22 23 13
15.9461

46
6.8807

2 10 19 38 7
15.2453

8 4 21 16 43
16.0981

0 10 24 30 28
14.7266

12 41 17
9.7921

39 12
6.5119

36
13.2642

47 27 13 32
13.7559

37 26 32 35 36
24.1754

33 18 25 13 19
14.478

1 7 25
11.5493

13 17 4
10.3082

37 23 31 43 17
10.1362

21 14 6 0
16.2597

48 16 31
12.7191

30
3.5217

3
5.2154

41 19 20
12.5656

38 32
7.1042

34 19 11
8.0674

25 13 18 29
12.2148

36
13.1358

39 15
10.4259

35 19 0 25
16.5618

26
1.0

48
10.2539

44 2 46 21 9
22.4232

41 25 20 39 36
23.5666

7 32 28 18 29
18.6188

35 19 36 43 25
24.998

12 4 36 14 39
21.0958

7 39 46 45 38
18.2135

41 47 35 9
22.9133

21
11.04

40 29 23 33
16.2827

36
13.2966

28
9.5321

17 37 27 7
12.9639

3
5.1628

7
8.3819

48 3 41
16.8504

39 8 2 4
10.9299

14 1
3.6433

16 31 28 39 37
15.7479

14 19 11 13 3
16.0722

6 42 45
16.3404

49
1.0

35
11.8706

32
4.9658

19 26 34
7.0685

45 11 8 34 49
7.0953

48 18 34 41 4
17.0659

31 11 8 1
6.1212

12 20 37 32
13.7143

37 8 43 25 13
11.4673

43 20 37 26 1
11.6688

22
8.3414

25
2.5805

23 16
6.5005

13 11 42 9
15.5028

23 35 48
20.4638

27 37 21 25
15.4456

37
1.0

12 21
13.7046

21 19
13.743

7 31 14
11.0272

17 2 38 10 7
13.2921

14
1.5881

38 40 19 49 10
14.9449

20 27 12 25
13.434

6 0
7.1742

11
2.2086

44 46 40 8 25
18.7635

43 7 21 23
17.3234

31
2.1063

36 30 48 42 26
22.1447

48 49 16
13.3302

49 12 14 30 43
10.5377

30 27
6.0137

22 29 39
14.872

44 26
7.988

22 37 17 25 6
15.4151

33 26 30 23
8.0767

42 28 48
20.3878

1 9 11 36
15.6105

32
4.9434

29 33 41
10.7855

5 39
8.1317

17 9 8
8.4112

35
11.9071

4 17 38 44
13.076

18 22 13
13.2477

5
3.2352

10 28 18
11.336

20 15
10.2905

31 1 7 41 36
23.3423

20 2 4
9.8759

19 39
9.7542

37 42 38 49
13.8814

38 14
4.1173

11 14
3.7368

35 42 29 46
24.4406

34 20
7.715

1 45 13
9.7151

27
2.6426

0 11 28 4
14.5343

38
2.7691

40 0 35
13.0927

20 3 32
13.776

17 48 12 7
18.7762

21 25 43 28 5
19.2199

2 12 33
7.3559

25
2.4919

33 22 0 8 27
14.1338

29 23 47
14.9701

35 25
12.7572

9 30 21
15.4733

16 33 2 38
9.3621

4 44 11 47
16.3486

18 7 43 31 27
14.5697

39 44 14 37
13.512

26 21
11.8069

44 2 6 26 39
15.2041

2 19 0
8.0154

38 44 12 49 0
14.1561

0
1.8726

48 41 42 30 44
23.8444

42 31
11.4626

4 29 10
6.1983

3 44 27
12.6994

38
2.7774

16
3.6567

48 17 18 7
17.8311

22 13 30
13.5385

13 33
8.1389

46 0 1 48 35
20.0024

44 17 7 23
16.4728

30
3.4423

25 10 24
5.338

4
4.3781

30 2
4.7509

49 8 31 48
11.8785

31 20 3 41 15
17.3536

20 39 26 28
15.8346

0
1.8806

28 38 13 41 9
19.1405

0 38 17
6.0132

17 10 40 48
18.1856

21
11.0573

48 16
12.6012

6
5.4164

43
2.2612

21 9 27 37
17.8179

20 14
7.6432

15 45 32 44
15.138

20 42 21
20.1061

38
2.7663

20 27
8.8318

21 38 14
13.0464

10 42 13 32 28
21.1387

42 24 45 49
13.3098

14 32 27
8.0617

2 10
2.0

14 21
12.1602

35
11.7459

22 5 29 20
15.8866

30 10
4.3861

45
2.3236

30 42 22 40 41
22.7222

30 29 16 24
11.2653

7 16
10.9958

39
5.572

2 19
6.6924

40
8.499

4 11 8 43
8.8931

16 0 7 35 44
17.7877

8
1.0

15 10 42
14.8653

