0 16
1 15
2 10
3 8
3 10
3 30
4 20
4 41
5 8
5 29
6 7
6 43
7 28
7 35
7 11
7 29
9 19
9 1
9 24
9 3
9 34
11 15
12 39
13 44
13 28
14 43
15 20
15 21
16 41
16 23
17 43
19 41
19 16
19 32
20 19
20 47
21 34
21 44
21 23
21 22
22 38
22 3
22 49
22 11
22 15
22 34
22 28
23 21
24 0
24 49
25 38
25 34
27 5
28 43
28 39
28 25
28 48
29 4
30 16
30 23
30 0
31 1
32 5
32 44
33 26
33 0
35 15
35 25
35 40
35 7
36 27
36 42
38 29
39 35
39 24
40 32
40 6
40 16
41 21
41 34
41 10
42 33
42 9
42 20
43 15
44 35
44 0
44 33
44 3
45 41
46 11
46 19
46 0
46 48
47 24
47 14
47 13
48 47
48 31
48 46
